cases<-c(4,0.1,100)
controls<-c(1,0.1,200)
specificity<-c(0.8,0.9,0.95,0.99,0.995)
prevalence<-c(0.1,0.01,0.001,0.0001,0.00001,0.000001)

